75 
76 
78 
75 
76 
76 
73 
78 
75 
71 
75 
76 
78 
77 
75 
76 
76 
75 
75 
75 
75 
76 
76 
78 
76 
75 
75 
76 
73 
78 
78 
76 
71 
76 
77 
77 
75 
77 
75 
76 
75 
76 
76 
75 
75 
73 
75 
70 
78 
73 
75 
76 
75 
77 
75 
73 
76 
75 
76 
73 
75 
75 
78 
77 
78 
78 
76 
75 
76 
75 
76 
76 
78 
70 
76 
76 
76 
75 
70 
73 
78 
75 
76 
76 
76 
76 
73 
76 
75 
75 
76 
78 
75 
75 
75 
76 
75 
75 
76 
76 
75 
73 
75 
76 
78 
75 
77 
75 
76 
73 
75 
76 
77 
75 
77 
75 
78 
70 
76 
75 
75 
75 
75 
75 
75 
75 
73 
77 
76 
76 
78 
78 
76 
73 
76 
76 
76 
78 
77 
73 
77 
76 
70 
75 
73 
77 
75 
78 
75 
75 
76 
75 
75 
76 
75 
73 
75 
73 
75 
75 
73 
76 
79 
76 
76 
78 
71 
77 
76 
75 
75 
75 
75 
71 
79 
78 
79 
76 
73 
75 
75 
75 
77 
78 
78 
75 
78 
76 
76 
78 
78 
71 
75 
75 
78 
77 
76 
78 
73 
77 
76 
75 
76 
75 
75 
76 
76 
71 
78 
78 
78 
73 
76 
78 
76 
75 
76 
75 
75 
76 
75 
75 
76 
70 
75 
76 
75 
75 
75 
78 
75 
78 
101 
76 
77 
76 
78 
77 
76 
76 
71 
75 
75 
76 
75 
75 
75 
76 
76 
75 
76 
73 
76 
75 
75 
71 
78 
79 
76 
76 
73 
75 
78 
71 
79 
76 
78 
73 
75 
76 
77 
75 
75 
77 
77 
78 
73 
77 
73 
77 
73 
76 
77 
75 
70 
75 
76 
76 
75 
77 
77 
75 
77 
76 
75 
76 
73 
75 
78 
76 
76 
75 
73 
76 
76 
76 
77 
76 
76 
